100
56 413
1 742
216 561
10 120
122 1000
87 207
3 122
144 193
515 998
4 104
3 4
55 945
1 1000
134 234
64 876
7 221
484 742
1 10
1 584
635 653
1 121
569 684
225 469
362 369
73 704
65 742
3 484
483 584
28 627
100 1000
7 65
120 122
1 109
122 483
483 485
8 302
3 109
407 728
7 121
8 221
62 146
8 109
235 751
708 889
3 9
9 584
196 818
67 843
318 741
21 302
815 924
634 673
9 121
1 104
3 104
484 485
8 122
1 9
121 484
8 748
3 121
65 221
311 976
1 5
289 913
60 960
120 584
133 927
8 10
65 302
395 837
120 221
121 742
120 121
484 584
483 742
1 6
141 332
65 485
65 484
516 530
1 221
1 2
1 101
3 5
9 10
9 122
121 485
494 946
120 484
1 302
1 65
3 6
1 484
303 584
397 677
4 65
1 4
733 823
21 742
